&PROBIN

  run_prefix = "react_aprox21_"

  small_temp = 1d5
  small_dens = 1d5

  burner_verbose = .false.

  ! Set which jacobian to use
  ! 1 = analytic jacobian
  ! 2 = numerical jacobian
  jacobian   = 1

  renormalize_abundances = T

  rtol_spec = 1.0d-9
  rtol_enuc = 1.0d-6
  rtol_temp = 1.0d-6
  atol_spec = 1.0d-9
  atol_enuc = 1.0d-6
  atol_temp = 1.0d-6
  call_eos_in_rhs = F
  do_constant_volume_burn = T
/

&cellparams

  tmax     = 5.7933272d-05
  numsteps = 570

  density       = 8854168.6647639442
  temperature   = 3706947837.5018277



  massfractions(1) = 9.9999999960749624d-011
  massfractions(2) = 9.9999999960749624d-011
  massfractions(3) = 2.9300800885911518d-005
  massfractions(4) = 2.1677413256910560d-006
  massfractions(5) = 9.9999999960749624d-011
  massfractions(6) = 1.7498576140110298d-005
  massfractions(7) = 1.1741424377368284d-008
  massfractions(8) = 3.8525765638580660d-005
  massfractions(9) = 0.29201712108939548
  massfractions(10) = 0.16262945115435903
  massfractions(11) = 3.5382086976410328d-002
  massfractions(12) = 2.6263639578664746d-002
  massfractions(13) = 5.0475474797658398d-005
  massfractions(14) = 3.7709708651200048d-004
  massfractions(15) = 3.9657987156151552d-008
  massfractions(16) = 4.3366728983980328d-003
  massfractions(17) = 0.42719610176599615
  massfractions(18) = 9.6010491704748063d-004
  massfractions(19) = 5.0678411763728733d-002
  massfractions(20) = 9.9999999960749624d-011
  massfractions(21) = 2.1292611288239136d-005

/
